-1.9899497487437185 0.0
-1.9698492462311559 0.0
-1.949748743718593 0.0
-1.92964824120603 0.0
-1.9095477386934674 0.0
-1.8894472361809045 0.0
-1.8693467336683418 0.0
-1.849246231155779 0.0
-1.829145728643216 0.0
-1.8090452261306533 0.0
-1.7889447236180904 0.0
-1.7688442211055277 0.0
-1.7487437185929648 0.0
-1.728643216080402 0.0
-1.7085427135678393 0.0
-1.6884422110552764 0.0
-1.6683417085427137 0.0
-1.6482412060301508 0.0
-1.6281407035175879 0.0
-1.6080402010050252 0.0
-1.5879396984924623 1.5758275836953292e-12
-1.5678391959798994 1.1489985957292493e-11
-1.5477386934673367 2.0175361904046057e-11
-1.5276381909547738 2.8963799731647735e-11
-1.5075376884422111 4.120807852334489e-11
-1.4874371859296482 5.359357056754221e-11
-1.4673366834170853 6.871158758094023e-11
-1.4472361809045227 8.61840537808778e-11
-1.4271356783919598 1.0665444304663328e-10
-1.407035175879397 1.3161361423203456e-10
-1.3869346733668342 1.5955785429152223e-10
-1.3668341708542713 1.951980716376547e-10
-1.3467336683417086 2.3470881898423914e-10
-1.3266331658291457 2.861226843517098e-10
-1.306532663316583 3.45801108127966e-10
-1.2864321608040201 4.153843344488665e-10
-1.2663316582914572 5.045081277588445e-10
-1.2462311557788945 6.151209803412882e-10
-1.2261306532663316 7.409061607743517e-10
-1.2060301507537687 8.965695926974419e-10
-1.185929648241206 1.0879664741230155e-09
-1.1658291457286432 1.3402732726817206e-09
-1.1457286432160805 1.6359251727226457e-09
-1.1256281407035176 2.0198684064825213e-09
-1.1055276381909547 2.482246430693571e-09
-1.085427135678392 3.0768680665416776e-09
-1.065326633165829 3.870185011350508e-09
-1.0452261306532664 4.938743721833757e-09
-1.0251256281407035 6.2301950868114955e-09
-1.0050251256281406 8.120574712506703e-09
-0.9849246231155779 1.0572185464303998e-08
-0.964824120603015 1.4252635312562708e-08
-0.9447236180904522 1.9284355516673534e-08
-0.9246231155778895 2.718464385374221e-08
-0.9045226130653266 4.0034883551181094e-08
-0.8844221105527638 6.193254815417235e-08
-0.864321608040201 1.0774881288172457e-07
-0.8442211055276382 6.64181157180811e-06
-0.8241206030150754 5.912603630864164e-05
-0.8040201005025125 0.0002530008351658114
-0.7839195979899497 0.000604624340365594
-0.7638190954773869 0.0010823533608300122
-0.7437185929648241 0.001870831322763789
-0.7236180904522613 0.002876997441308809
-0.7035175879396984 0.004032230539447045
-0.6834170854271356 0.0054261948740266346
-0.6633165829145728 0.0071077992581260446
-0.6432160804020101 0.009005421148372793
-0.6231155778894473 0.011312501298737445
-0.6030150753768844 0.014114926821085613
-0.5829145728643216 0.017514006884541924
-0.5628140703517588 0.02162334794399268
-0.542713567839196 0.026824304685725005
-0.5226130653266332 0.033567351043176125
-0.5025125628140703 0.04223073064666735
-0.4824120603015075 0.053191921064422894
-0.4623115577889447 0.06661260756099717
-0.4422110552763818 0.08258249518293467
-0.42211055276381904 0.10101802692816074
-0.40201005025125625 0.1230494928246022
-0.38190954773869346 0.14940552580836022
-0.36180904522613067 0.1828251683794427
-0.34170854271356776 0.22586420775868896
-0.321608040201005 0.28040399269200833
-0.3015075376884422 0.34631823151277774
-0.2814070351758794 0.42310957959658574
-0.2613065326633166 0.5149613150796887
-0.2412060301507537 0.6297606231629851
-0.2211055276381909 0.7664245701726392
-0.20100502512562812 0.9199170417942942
-0.18090452261306533 1.098465546448504
-0.16080402010050254 1.308077928926087
-0.14070351758793964 1.5308519817852841
-0.12060301507537685 1.7821228741320299
-0.10050251256281406 2.0436839965827525
-0.08040201005025127 2.3178155143523034
-0.06030150753768848 2.562202172784742
-0.04020100502512558 2.7782043378512404
-0.02010050251256279 2.9274489154637995
-1.1102230246251565e-16 3.0080188877952194
0.02010050251256268 2.924515799517957
0.04020100502512558 2.78427087735595
0.06030150753768848 2.571357170836908
0.08040201005025138 2.32758638235925
0.10050251256281406 2.048997518653185
0.12060301507537674 1.7863902093527015
0.14070351758793964 1.5366449829007074
0.16080402010050254 1.3080153187339714
0.18090452261306544 1.0974343283673773
0.20100502512562834 0.9177516180121998
0.22110552763819102 0.7593835325097261
0.2412060301507537 0.6206156739508754
0.2613065326633166 0.5060945559777372
0.2814070351758795 0.41379375984220684
0.3015075376884424 0.33567670299017194
0.3216080402010051 0.26963330083634796
0.34170854271356776 0.21625729461141308
0.36180904522613067 0.1749744505290644
0.38190954773869357 0.1427211281739454
0.40201005025125647 0.11678042386799524
0.42211055276381915 0.09529607591455423
0.4422110552763818 0.07712275917299768
0.4623115577889447 0.061767514175765884
0.48241206030150763 0.049268863825279265
0.5025125628140705 0.03915573763765228
0.5226130653266332 0.03135178470527498
0.5427135678391959 0.025190612009457953
0.5628140703517588 0.020421572837093522
0.5829145728643217 0.01646439641707616
0.6030150753768846 0.013286438917740673
0.6231155778894473 0.010643079753640311
0.64321608040201 0.008383439439306712
0.6633165829145728 0.006501023530743572
0.6834170854271358 0.004954145669412737
0.7035175879396987 0.00362293382386711
0.7236180904522613 0.0025316142631598942
0.743718592964824 0.0016109685791060753
0.7638190954773869 0.0009384989564025169
0.7839195979899498 0.0005038879620486867
0.8040201005025127 0.00019157514966647228
0.8241206030150754 4.5508365249945176e-05
0.8442211055276381 2.6240357481982462e-06
0.864321608040201 9.180609703822888e-08
0.8844221105527639 5.019158007513733e-08
0.9045226130653268 3.1124703132409544e-08
0.9246231155778895 2.054849681769038e-08
0.9447236180904521 1.4073800500998594e-08
0.964824120603015 1.0096694349462047e-08
0.9849246231155779 7.31704174652963e-09
1.0050251256281408 5.4652289548380245e-09
1.0251256281407037 4.117293320263671e-09
1.0452261306532664 3.125447064741716e-09
1.065326633165829 2.4184157652585366e-09
1.085427135678392 1.869774844393622e-09
1.105527638190955 1.4758321024248203e-09
1.1256281407035178 1.1388190886032425e-09
1.1457286432160805 9.007221011198709e-10
1.1658291457286432 7.131101238003203e-10
1.185929648241206 5.623453018153423e-10
1.206030150753769 4.421658640146306e-10
1.2261306532663319 3.5045960605267046e-10
1.2462311557788945 2.757840350970724e-10
1.2663316582914572 2.1270895651151425e-10
1.2864321608040201 1.6655645998550057e-10
1.306532663316583 1.2860330788735165e-10
1.326633165829146 9.587245629701115e-11
1.3467336683417086 7.141579102079538e-11
1.3668341708542713 4.9162803506629356e-11
1.3869346733668342 3.284727230229803e-11
1.407035175879397 1.70888973623348e-11
1.42713567839196 1.27231206639281e-12
1.4472361809045227 0.0
1.4673366834170853 0.0
1.4874371859296482 0.0
1.5075376884422111 0.0
1.527638190954774 0.0
1.5477386934673367 0.0
1.5678391959798994 0.0
1.5879396984924623 0.0
1.6080402010050252 0.0
1.628140703517588 0.0
1.6482412060301508 0.0
1.6683417085427135 0.0
1.6884422110552764 0.0
1.7085427135678393 0.0
1.7286432160804022 0.0
1.7487437185929648 0.0
1.7688442211055275 0.0
1.7889447236180904 0.0
1.8090452261306533 0.0
1.8291457286432162 0.0
1.849246231155779 0.0
1.8693467336683416 0.0
1.8894472361809045 0.0
1.9095477386934674 0.0
1.9296482412060303 0.0
1.9497487437185932 0.0
1.9698492462311559 0.0
1.9899497487437185 0.0
