-1.9899497487437185 1.1439467001308953e-10
-1.9698492462311559 1.1563678896586413e-10
-1.949748743718593 1.1765145127034611e-10
-1.92964824120603 1.2150088715765566e-10
-1.9095477386934674 1.2297641382856197e-10
-1.8894472361809045 1.2750753997690893e-10
-1.8693467336683418 1.2884115425499246e-10
-1.849246231155779 1.2685148060901075e-10
-1.829145728643216 1.3135216284708538e-10
-1.8090452261306533 1.3526412532110076e-10
-1.7889447236180904 1.3608003035427558e-10
-1.7688442211055277 1.3639971131939825e-10
-1.7487437185929648 1.4629614311654435e-10
-1.728643216080402 1.4777732538255804e-10
-1.7085427135678393 1.5066420074357152e-10
-1.6884422110552764 2.453890364433714e-10
-1.6683417085427137 3.043666496219019e-10
-1.6482412060301508 3.290957898393733e-10
-1.6281407035175879 3.377125909534048e-10
-1.6080402010050252 3.6737423103274835e-10
-1.5879396984924623 4.161188386547238e-10
-1.5678391959798994 4.195260807774504e-10
-1.5477386934673367 4.5566010946008374e-10
-1.5276381909547738 4.874322755001061e-10
-1.5075376884422111 7.037081195777795e-10
-1.4874371859296482 6.603017550962192e-09
-1.4673366834170853 1.1392742357044563e-08
-1.4472361809045227 1.3783159996873868e-08
-1.4271356783919598 1.7466765382061842e-08
-1.407035175879397 1.9720444730338826e-08
-1.3869346733668342 2.1058063568592067e-08
-1.3668341708542713 2.449292033642265e-08
-1.3467336683417086 2.64710991991826e-08
-1.3266331658291457 2.989735275353768e-08
-1.306532663316583 3.093737562687319e-08
-1.2864321608040201 3.4661076650546026e-08
-1.2663316582914572 3.616258974966872e-08
-1.2462311557788945 4.154269248169188e-08
-1.2261306532663316 4.229890830210852e-08
-1.2060301507537687 4.55355221325661e-08
-1.185929648241206 4.8713073359496335e-08
-1.1658291457286432 5.260587320387648e-08
-1.1457286432160805 5.542717064679391e-08
-1.1256281407035176 6.048673843931296e-08
-1.1055276381909547 6.557135944923602e-08
-1.085427135678392 6.701991703701741e-08
-1.065326633165829 7.442191266172527e-08
-1.0452261306532664 7.849949657149058e-08
-1.0251256281407035 8.363600878641955e-08
-1.0050251256281406 9.044992295361888e-08
-0.9849246231155779 9.589573244469553e-08
-0.964824120603015 1.0082442824059526e-07
-0.9447236180904522 1.0993013191909685e-07
-0.9246231155778895 1.1871885523195931e-07
-0.9045226130653266 1.2580146930458866e-07
-0.8844221105527638 6.981303803971009e-07
-0.864321608040201 1.940704979614473e-06
-0.8442211055276382 2.874785705511498e-06
-0.8241206030150754 3.571155802554418e-06
-0.8040201005025125 4.432422386339901e-06
-0.7839195979899497 5.372997851469055e-06
-0.7638190954773869 6.553639068843553e-06
-0.7437185929648241 7.869802457099528e-06
-0.7236180904522613 3.643743686553773e-05
-0.7035175879396984 8.380794442626879e-05
-0.6834170854271356 0.00012890375357318075
-0.6633165829145728 0.00018319960273270095
-0.6432160804020101 0.00024203018943685505
-0.6231155778894473 0.0006836037574014533
-0.6030150753768844 0.0014197922593259635
-0.5829145728643216 0.00195002473819798
-0.5628140703517588 0.0025743063337708475
-0.542713567839196 0.003581007186474319
-0.5226130653266332 0.005712327680068119
-0.5025125628140703 0.009469620122090535
-0.4824120603015075 0.013787141728203212
-0.4623115577889447 0.018363883637279872
-0.4422110552763818 0.02377712640029621
-0.42211055276381904 0.030881440775099304
-0.40201005025125625 0.04004096532341954
-0.38190954773869346 0.05302025222185083
-0.36180904522613067 0.0714034614095931
-0.34170854271356776 0.09741391272314752
-0.321608040201005 0.13310155377846267
-0.3015075376884422 0.18089790234429262
-0.2814070351758794 0.24149868729696505
-0.2613065326633166 0.31719701273793766
-0.2412060301507537 0.4126422479048892
-0.2211055276381909 0.5316625645227943
-0.20100502512562812 0.6816264840830324
-0.18090452261306533 0.8683116825309686
-0.16080402010050254 1.0976997259212296
-0.14070351758793964 1.3743476260698373
-0.12060301507537685 1.6987371281750505
-0.10050251256281406 2.0642909954693938
-0.08040201005025127 2.498852228724127
-0.06030150753768848 3.014823930980301
-0.04020100502512558 3.478528923218551
-0.02010050251256279 3.7916882985844285
-1.1102230246251565e-16 3.956038990377232
0.02010050251256268 3.8537944002909565
0.04020100502512558 3.536559069761434
0.06030150753768848 3.075921149076297
0.08040201005025138 2.5582701816280093
0.10050251256281406 2.1171929401365963
0.12060301507537674 1.7368186102186463
0.14070351758793964 1.3982871653783424
0.16080402010050254 1.1100785994144027
0.18090452261306544 0.8716258335959105
0.20100502512562834 0.6783530813196977
0.22110552763819102 0.5245278476141475
0.2412060301507537 0.40205908010488967
0.2613065326633166 0.30510237395785317
0.2814070351758795 0.2287213502859118
0.3015075376884424 0.16847835803423158
0.3216080402010051 0.12269076383259035
0.34170854271356776 0.08932102130698445
0.36180904522613067 0.0652501064203125
0.38190954773869357 0.04864655709027705
0.40201005025125647 0.037114091230928126
0.42211055276381915 0.028634061836844683
0.4422110552763818 0.022118932979372393
0.4623115577889447 0.016818696659459453
0.48241206030150763 0.012288934438709634
0.5025125628140705 0.00832782230411457
0.5226130653266332 0.0052876096787346115
0.5427135678391959 0.00355735535181713
0.5628140703517588 0.002577960310901414
0.5829145728643217 0.001918413463562804
0.6030150753768846 0.0014084318691602589
0.6231155778894473 0.0007291202252886798
0.64321608040201 0.00027814589613423397
0.6633165829145728 0.0002002422264284409
0.6834170854271358 0.0001519097006669827
0.7035175879396987 9.253370780424317e-05
0.7236180904522613 2.885404923016924e-05
0.743718592964824 9.02602901026102e-06
0.7638190954773869 7.284183485453977e-06
0.7839195979899498 5.899748878286411e-06
0.8040201005025127 4.596693794992322e-06
0.8241206030150754 3.4128941090857186e-06
0.8442211055276381 2.100266906174803e-06
0.864321608040201 3.0590334344822735e-07
0.8844221105527639 1.5115698178580066e-07
0.9045226130653268 1.4065952794304736e-07
0.9246231155778895 1.286935443582973e-07
0.9447236180904521 1.1982579621550594e-07
0.964824120603015 1.0954947926998475e-07
0.9849246231155779 1.0197013974744815e-07
1.0050251256281408 9.464454810072998e-08
1.0251256281407037 8.958918650122948e-08
1.0452261306532664 8.23068653519572e-08
1.065326633165829 7.714464276332116e-08
1.085427135678392 7.088932913556889e-08
1.105527638190955 6.57606799068452e-08
1.1256281407035178 5.9586316296764184e-08
1.1457286432160805 5.2825954115600626e-08
1.1658291457286432 4.756540365223957e-08
1.185929648241206 4.3381904539260786e-08
1.206030150753769 3.941150414807282e-08
1.2261306532663319 3.527633490864254e-08
1.2462311557788945 2.9313988487055297e-08
1.2663316582914572 2.3242966300121648e-08
1.2864321608040201 1.6397272974876396e-08
1.306532663316583 4.80629731279324e-09
1.326633165829146 3.3947313796508694e-10
1.3467336683417086 2.6937511541644057e-10
1.3668341708542713 2.7144652664760554e-10
1.3869346733668342 2.622076659351263e-10
1.407035175879397 2.621526727165996e-10
1.42713567839196 2.5752407682393885e-10
1.4472361809045227 2.5621340511572573e-10
1.4673366834170853 2.4975170193883724e-10
1.4874371859296482 2.3748821420739154e-10
1.5075376884422111 2.3945880453793026e-10
1.527638190954774 2.295508596667099e-10
1.5477386934673367 2.2770858684607174e-10
1.5678391959798994 2.2703033715090455e-10
1.5879396984924623 2.1802978038537414e-10
1.6080402010050252 2.1810310467674302e-10
1.628140703517588 2.121546715394424e-10
1.6482412060301508 2.1004659816259163e-10
1.6683417085427135 2.0534467797855734e-10
1.6884422110552764 2.0254002383369758e-10
1.7085427135678393 2.0208174701264206e-10
1.7286432160804022 1.9419022015406598e-10
1.7487437185929648 1.8879171920203614e-10
1.7688442211055275 1.8766435822223538e-10
1.7889447236180904 1.8480471085884895e-10
1.8090452261306533 1.7991947994639711e-10
1.8291457286432162 1.829899346474691e-10
1.849246231155779 1.804419155224044e-10
1.8693467336683416 1.7035982545917896e-10
1.8894472361809045 1.6665694874505036e-10
1.9095477386934674 1.694249407442257e-10
1.9296482412060303 1.6541960132820046e-10
1.9497487437185932 1.6409976408356057e-10
1.9698492462311559 1.6058936363427882e-10
1.9899497487437185 1.5934285068100427e-10
