-1.9899497487437185 0.0
-1.9698492462311559 0.0
-1.949748743718593 0.0
-1.92964824120603 0.0
-1.9095477386934674 0.0
-1.8894472361809045 0.0
-1.8693467336683418 0.0
-1.849246231155779 0.0
-1.829145728643216 0.0
-1.8090452261306533 0.0
-1.7889447236180904 0.0
-1.7688442211055277 0.0
-1.7487437185929648 0.0
-1.728643216080402 0.0
-1.7085427135678393 0.0
-1.6884422110552764 0.0
-1.6683417085427137 0.0
-1.6482412060301508 0.0
-1.6281407035175879 0.0
-1.6080402010050252 0.0
-1.5879396984924623 0.0
-1.5678391959798994 0.0
-1.5477386934673367 0.0
-1.5276381909547738 0.0
-1.5075376884422111 0.0
-1.4874371859296482 0.0
-1.4673366834170853 0.0
-1.4472361809045227 0.0
-1.4271356783919598 0.0
-1.407035175879397 0.0
-1.3869346733668342 0.0
-1.3668341708542713 0.0
-1.3467336683417086 0.0
-1.3266331658291457 0.0
-1.306532663316583 0.0
-1.2864321608040201 0.0
-1.2663316582914572 0.0
-1.2462311557788945 0.0
-1.2261306532663316 0.0
-1.2060301507537687 0.0
-1.185929648241206 0.0
-1.1658291457286432 0.0
-1.1457286432160805 0.0
-1.1256281407035176 0.0
-1.1055276381909547 0.0
-1.085427135678392 0.0
-1.065326633165829 0.0
-1.0452261306532664 0.0
-1.0251256281407035 0.0
-1.0050251256281406 0.0
-0.9849246231155779 0.0
-0.964824120603015 3.65820656090788e-08
-0.9447236180904522 4.875610019300564e-05
-0.9246231155778895 0.0003200425731006418
-0.9045226130653266 0.0009607556583810448
-0.8844221105527638 0.0020883619660212183
-0.864321608040201 0.0037791926089053175
-0.8442211055276382 0.006110360350345609
-0.8241206030150754 0.00917726466074521
-0.8040201005025125 0.013033080190224063
-0.7839195979899497 0.017825222475407368
-0.7638190954773869 0.023564893449019617
-0.7437185929648241 0.030272099183075777
-0.7236180904522613 0.03815708501389006
-0.7035175879396984 0.04705610235379785
-0.6834170854271356 0.05734685067226918
-0.6633165829145728 0.06859246698231335
-0.6432160804020101 0.08164040625817683
-0.6231155778894473 0.09587902038803396
-0.6030150753768844 0.11122835587095387
-0.5829145728643216 0.12907671778338664
-0.5628140703517588 0.14758615514816284
-0.542713567839196 0.1686641091767053
-0.5226130653266332 0.19277584175849222
-0.5025125628140703 0.22060706253332726
-0.4824120603015075 0.25073694291998133
-0.4623115577889447 0.2847050893369708
-0.4422110552763818 0.32181190792425635
-0.42211055276381904 0.3629592382183412
-0.40201005025125625 0.4070186315639257
-0.38190954773869346 0.45636706884057554
-0.36180904522613067 0.509238147045385
-0.34170854271356776 0.5682496204727705
-0.321608040201005 0.6305854003586184
-0.3015075376884422 0.6967480726392685
-0.2814070351758794 0.7689903358417804
-0.2613065326633166 0.844527368154548
-0.2412060301507537 0.9236244552596431
-0.2211055276381909 1.0068429342810663
-0.20100502512562812 1.093874935946644
-0.18090452261306533 1.1827329876641834
-0.16080402010050254 1.2732231837365688
-0.14070351758793964 1.36416426144206
-0.12060301507537685 1.4524127642646567
-0.10050251256281406 1.530311152089236
-0.08040201005025127 1.5882824283860262
-0.06030150753768848 1.6363978505568855
-0.04020100502512558 1.7030619074006446
-0.02010050251256279 1.7547103353007911
-1.1102230246251565e-16 1.723444091715581
0.02010050251256268 1.704626014213078
0.04020100502512558 1.6720843256220708
0.06030150753768848 1.632097594666828
0.08040201005025138 1.5764794888679736
0.10050251256281406 1.5093341769572812
0.12060301507537674 1.4324624881992007
0.14070351758793964 1.3540836791803845
0.16080402010050254 1.272120023101234
0.18090452261306544 1.1881669005485704
0.20100502512562834 1.103238399241545
0.22110552763819102 1.0169774996976026
0.2412060301507537 0.9347786792331536
0.2613065326633166 0.8549380370957939
0.2814070351758795 0.7773231939563333
0.3015075376884424 0.7057863730993778
0.3216080402010051 0.6371300508175471
0.34170854271356776 0.5734081060931175
0.36180904522613067 0.5137757217357676
0.38190954773869357 0.45971360654152055
0.40201005025125647 0.40968685365250684
0.42211055276381915 0.36461888251796
0.4422110552763818 0.32226570538063004
0.4623115577889447 0.2841664877996341
0.48241206030150763 0.24927471624913017
0.5025125628140705 0.21811641091657188
0.5226130653266332 0.1904307997354877
0.5427135678391959 0.16621892551211123
0.5628140703517588 0.14394391043532276
0.5829145728643217 0.12489570122474801
0.6030150753768846 0.10728636110043437
0.6231155778894473 0.09136911809850909
0.64321608040201 0.07694596566075095
0.6633165829145728 0.0643677091539353
0.6834170854271358 0.05276632632939197
0.7035175879396987 0.04299058395872293
0.7236180904522613 0.03396567868631403
0.743718592964824 0.026533176708483236
0.7638190954773869 0.02015840960934326
0.7839195979899498 0.01485254394312895
0.8040201005025127 0.010487600048295844
0.8241206030150754 0.007015937853946728
0.8442211055276381 0.004347877901550778
0.864321608040201 0.0024090046211657683
0.8844221105527639 0.0011184311005872178
0.9045226130653268 0.0003732425146755721
0.9246231155778895 5.774928559882787e-05
0.9447236180904521 1.800352785097275e-07
0.964824120603015 0.0
0.9849246231155779 0.0
1.0050251256281408 0.0
1.0251256281407037 0.0
1.0452261306532664 0.0
1.065326633165829 0.0
1.085427135678392 0.0
1.105527638190955 0.0
1.1256281407035178 0.0
1.1457286432160805 0.0
1.1658291457286432 0.0
1.185929648241206 0.0
1.206030150753769 0.0
1.2261306532663319 0.0
1.2462311557788945 0.0
1.2663316582914572 0.0
1.2864321608040201 0.0
1.306532663316583 0.0
1.326633165829146 0.0
1.3467336683417086 0.0
1.3668341708542713 0.0
1.3869346733668342 0.0
1.407035175879397 0.0
1.42713567839196 0.0
1.4472361809045227 0.0
1.4673366834170853 0.0
1.4874371859296482 0.0
1.5075376884422111 0.0
1.527638190954774 0.0
1.5477386934673367 0.0
1.5678391959798994 0.0
1.5879396984924623 0.0
1.6080402010050252 0.0
1.628140703517588 0.0
1.6482412060301508 0.0
1.6683417085427135 0.0
1.6884422110552764 0.0
1.7085427135678393 0.0
1.7286432160804022 0.0
1.7487437185929648 0.0
1.7688442211055275 0.0
1.7889447236180904 0.0
1.8090452261306533 0.0
1.8291457286432162 0.0
1.849246231155779 0.0
1.8693467336683416 0.0
1.8894472361809045 0.0
1.9095477386934674 0.0
1.9296482412060303 0.0
1.9497487437185932 0.0
1.9698492462311559 0.0
1.9899497487437185 0.0
