-1.9899497487437185 0.0
-1.9698492462311559 0.0
-1.949748743718593 0.0
-1.92964824120603 0.0
-1.9095477386934674 0.0
-1.8894472361809045 0.0
-1.8693467336683418 0.0
-1.849246231155779 0.0
-1.829145728643216 0.0
-1.8090452261306533 0.0
-1.7889447236180904 0.0
-1.7688442211055277 0.0
-1.7487437185929648 0.0
-1.728643216080402 0.0
-1.7085427135678393 0.0
-1.6884422110552764 0.0
-1.6683417085427137 0.0
-1.6482412060301508 0.0
-1.6281407035175879 0.0
-1.6080402010050252 0.0
-1.5879396984924623 0.0
-1.5678391959798994 0.0
-1.5477386934673367 0.0
-1.5276381909547738 1.1142344184273967e-09
-1.5075376884422111 3.019975807770973e-09
-1.4874371859296482 4.191900685750083e-09
-1.4673366834170853 5.358984016879774e-09
-1.4472361809045227 6.1325979854225666e-09
-1.4271356783919598 6.686615497204207e-09
-1.407035175879397 8.058630120488623e-09
-1.3869346733668342 9.02105044287138e-09
-1.3668341708542713 9.157605749584836e-09
-1.3467336683417086 1.072969231280006e-08
-1.3266331658291457 1.0964305340071565e-08
-1.306532663316583 1.2704835635133946e-08
-1.2864321608040201 1.248681671320137e-08
-1.2663316582914572 1.4742935169420737e-08
-1.2462311557788945 1.5174364300568547e-08
-1.2261306532663316 1.640871560202695e-08
-1.2060301507537687 1.779023074364495e-08
-1.185929648241206 1.8668438788569343e-08
-1.1658291457286432 1.8857011012675873e-08
-1.1457286432160805 2.2676179062895556e-08
-1.1256281407035176 2.35773972368393e-08
-1.1055276381909547 2.3927610510462946e-08
-1.085427135678392 2.5797775040462097e-08
-1.065326633165829 2.8028355053396165e-08
-1.0452261306532664 2.842021038888708e-08
-1.0251256281407035 2.9355644390085907e-08
-1.0050251256281406 3.603567112903489e-08
-0.9849246231155779 3.707861199901846e-08
-0.964824120603015 3.817157335977592e-08
-0.9447236180904522 3.880946843170208e-08
-0.9246231155778895 5.375045891755786e-07
-0.9045226130653266 9.782699223452622e-07
-0.8844221105527638 1.3512389423290843e-06
-0.864321608040201 1.6819667156770068e-06
-0.8442211055276382 2.0579117774236356e-06
-0.8241206030150754 2.5449450537888806e-06
-0.8040201005025125 3.0828032499694946e-06
-0.7839195979899497 4.329868053521299e-06
-0.7638190954773869 3.870590238990905e-05
-0.7437185929648241 7.197809553516248e-05
-0.7236180904522613 0.00011053209604565466
-0.7035175879396984 0.00018548930180874667
-0.6834170854271356 0.0007407612733647579
-0.6633165829145728 0.0012719407234578746
-0.6432160804020101 0.0018372881172740796
-0.6231155778894473 0.0026691319028137373
-0.6030150753768844 0.004018163363348202
-0.5829145728643216 0.006187145751610485
-0.5628140703517588 0.0092617617304343
-0.542713567839196 0.013075181345923923
-0.5226130653266332 0.01804049383637252
-0.5025125628140703 0.024114770208012087
-0.4824120603015075 0.03192247636673596
-0.4623115577889447 0.04204248446565673
-0.4422110552763818 0.055174803917025374
-0.42211055276381904 0.0723455243470086
-0.40201005025125625 0.09478635286112562
-0.38190954773869346 0.12379470057781297
-0.36180904522613067 0.16049792688940662
-0.34170854271356776 0.20629361298172955
-0.321608040201005 0.26295877781300026
-0.3015075376884422 0.3317160893899869
-0.2814070351758794 0.4141325553472946
-0.2613065326633166 0.5118720053307034
-0.2412060301507537 0.6264583546063851
-0.2211055276381909 0.7585617026181358
-0.20100502512562812 0.9085933193978694
-0.18090452261306533 1.0770083947075753
-0.16080402010050254 1.2627806536222859
-0.14070351758793964 1.491650963084321
-0.12060301507537685 1.7749883109188904
-0.10050251256281406 2.070951042205379
-0.08040201005025127 2.3665969399728763
-0.06030150753768848 2.644022876202059
-0.04020100502512558 2.8598949232897266
-0.02010050251256279 3.0275861242759468
-1.1102230246251565e-16 3.1387880778717503
0.02010050251256268 3.068048046124216
0.04020100502512558 2.8984282832582937
0.06030150753768848 2.664275844005668
0.08040201005025138 2.3910351972873713
0.10050251256281406 2.0942729338527974
0.12060301507537674 1.797124807506333
0.14070351758793964 1.5125777669944467
0.16080402010050254 1.285594889013368
0.18090452261306544 1.0939253995835159
0.20100502512562834 0.9187172225662027
0.22110552763819102 0.7617373678977378
0.2412060301507537 0.6240155459867847
0.2613065326633166 0.5047042749876773
0.2814070351758795 0.40307164619972286
0.3015075376884424 0.3181058368550117
0.3216080402010051 0.2477702863256215
0.34170854271356776 0.19111331930067715
0.36180904522613067 0.14587737894545924
0.38190954773869357 0.11054757733344227
0.40201005025125647 0.08345757339764741
0.42211055276381915 0.06295497592236421
0.4422110552763818 0.047461124064136335
0.4623115577889447 0.035753755508819506
0.48241206030150763 0.026817739811749643
0.5025125628140705 0.01988085285763639
0.5226130653266332 0.014458835109324317
0.5427135678391959 0.010277282331050956
0.5628140703517588 0.007027786113653719
0.5829145728643217 0.004723532786537447
0.6030150753768846 0.0032333104577929065
0.6231155778894473 0.0022524133947528875
0.64321608040201 0.0015847141044599202
0.6633165829145728 0.0010733436705439843
0.6834170854271358 0.00054744257471247
0.7035175879396987 0.00021729644661906442
0.7236180904522613 0.0001391732104179089
0.743718592964824 8.65992838393261e-05
0.7638190954773869 3.252127344049197e-05
0.7839195979899498 4.6685844435564795e-06
0.8040201005025127 3.6857771372589256e-06
0.8241206030150754 2.9878907870065454e-06
0.8442211055276381 2.2616245918590943e-06
0.864321608040201 1.5867695259621563e-06
0.8844221105527639 9.179026566089552e-07
0.9045226130653268 6.154174649226053e-08
0.9246231155778895 5.243577744669101e-08
0.9447236180904521 5.049443484326161e-08
0.964824120603015 4.1582898915448026e-08
0.9849246231155779 4.217232416956394e-08
1.0050251256281408 3.763207151354507e-08
1.0251256281407037 3.600112140920423e-08
1.0452261306532664 3.263454672924779e-08
1.065326633165829 2.8801761244502395e-08
1.085427135678392 2.734930744965069e-08
1.105527638190955 2.5252450807120577e-08
1.1256281407035178 2.2958862143646643e-08
1.1457286432160805 2.1057013344670778e-08
1.1658291457286432 1.879619081308715e-08
1.185929648241206 1.6280210312217583e-08
1.206030150753769 1.4558703706759728e-08
1.2261306532663319 1.2727187822337206e-08
1.2462311557788945 9.245498946045061e-09
1.2663316582914572 7.106937495115602e-09
1.2864321608040201 2.113145047756042e-09
1.306532663316583 0.0
1.326633165829146 0.0
1.3467336683417086 0.0
1.3668341708542713 0.0
1.3869346733668342 0.0
1.407035175879397 0.0
1.42713567839196 0.0
1.4472361809045227 0.0
1.4673366834170853 0.0
1.4874371859296482 0.0
1.5075376884422111 0.0
1.527638190954774 0.0
1.5477386934673367 0.0
1.5678391959798994 0.0
1.5879396984924623 0.0
1.6080402010050252 0.0
1.628140703517588 0.0
1.6482412060301508 0.0
1.6683417085427135 0.0
1.6884422110552764 0.0
1.7085427135678393 0.0
1.7286432160804022 0.0
1.7487437185929648 0.0
1.7688442211055275 0.0
1.7889447236180904 0.0
1.8090452261306533 0.0
1.8291457286432162 0.0
1.849246231155779 0.0
1.8693467336683416 0.0
1.8894472361809045 0.0
1.9095477386934674 0.0
1.9296482412060303 0.0
1.9497487437185932 0.0
1.9698492462311559 0.0
1.9899497487437185 0.0
