1.0353218432956623 0.0
1.109752496412072 0.0
1.1895340673703196 3.573626233360875e-09
1.275051240713013 9.08172434920334e-09
1.3667163564620066 1.2175753059343792e-08
1.4649713983072858 1.4074604540103377e-08
1.5702901247293772 1.550164946193543e-08
1.6831803533309568 1.6998671129397167e-08
1.804186409392072 1.82947644393918e-08
1.9338917504552309 1.8831240706860375e-08
2.072921779595371 1.9302260080887666e-08
2.2219468609395236 2.1202095971141162e-08
2.3816855519761586 2.2921717021647483e-08
2.552908068239517 3.907384680036653e-07
2.7364399970746702 6.772318030036247e-07
2.9331662783900443 8.984676897512113e-07
3.1440354715914998 1.1559470995915181e-06
3.3700643292719286 1.4664735024159166e-05
3.6123426997094312 3.039283889096443e-05
3.872038781812555 0.0001213435092342226
4.150404757850476 0.00029158976435462633
4.448782831127585 0.0004502663207835664
4.76861169771447 0.0007124660987340864
5.111433483440168 0.0011247164734633215
5.478901179593942 0.0016055097773597267
5.87278661318948 0.002130165516646358
6.294988990221887 0.0026736102658414074
6.747544053110694 0.003254159720866514
7.232633896483536 0.0038914547773537963
7.75259748862946 0.004575104268414276
8.30994194935339 0.005306448745655576
8.907354638610439 0.006082781009043995
9.547716114208058 0.006862148546437363
10.234114021054532 0.007618665797075594
10.969857978923836 0.008331220019724563
11.758495540521567 0.008973365711124105
12.603829296797272 0.00953058931023962
13.509935211980265 0.009989010760978778
14.481182276745333 0.010347742809240123
15.522253574270472 0.010588849643607042
16.638168860761287 0.010736182710258758
17.834308769319094 0.010794880838810578
19.116440753857017 0.01073050801603947
20.490746898158466 0.010604847995449796
21.96385372416546 0.010389462636080884
23.542864143224172 0.010115047833577279
25.23539170434766 0.009776519434849215
27.04959730463135 0.009400489166169196
28.994228538828768 0.0089870508806735
31.078661877820124 0.008549169133991175
33.31294787934673 0.008091896434972958
35.707859649004625 0.007637900709935881
38.27494478516312 0.0072169781172477234
41.02658105827192 0.006798966890031098
43.97603609302719 0.006409851070546517
47.137531341167225 0.006025713750210338
50.526310653356795 0.005659494195831378
54.15871378079472 0.005283975463435613
58.05225516094899 0.0049132874023651045
62.225708367302275 0.004544044058713647
66.6991966303012 0.004205454479133562
71.49428986597577 0.0038708797691593536
76.63410868007456 0.003561930557389998
82.14343584919426 0.003266214368008445
88.0488358164346 0.0029858269748720178
94.37878277775378 0.0027300016099724455
101.16379797662073 0.002484597888106803
108.43659686896103 0.002252136643159599
116.23224686798524 0.002053824400349399
124.58833642950076 0.0018616375238766786
133.54515629298982 0.0016844834315835188
143.14589375234783 0.0015260844686715413
153.43684089300123 0.0013766963592456178
164.46761779946635 0.0012376389547352064
176.2914118095947 0.0011219886355778885
188.96523396912087 0.0010032123382890039
202.55019392306664 0.0008992738323547578
217.1117945694504 0.0008105700556332234
232.72024789604086 0.0007300038716565083
249.45081352303154 0.0006496798106961348
267.38416158399457 0.0005938951562405435
286.606761694825 0.0005263855484632945
307.21129988617577 0.00046839801898134923
329.297125509715 0.0004233605555731331
352.9707302730648 0.0003754228285534907
378.3462617131927 0.0003329529345692313
405.54607358408276 0.0003017670613695902
434.70131581250246 0.00026900196705174434
465.952566866468 0.00024339465352417468
499.45051158551377 0.00021419372883044063
535.3566677410722 0.00019263058499927125
573.8441648302393 0.0001727794686989911
615.0985788580501 0.00015600788155712916
659.3188271333545 0.00014005416524159043
706.7181273927488 0.0001230593707244893
757.5250258771912 0.00011081604784003254
811.9844993184013 9.868387292146381e-05
870.3591361485161 8.690562972371014e-05
932.9304026284682 7.740415132775689e-05
999.9999999999995 6.959368784115245e-05
1071.8913192051275 6.171513296618037e-05
1148.951000187309 5.4817135725273563e-05
1231.5506032928256 4.8684525549867145e-05
1320.0884008314174 4.351831265331915e-05
1414.9912974345752 3.844235174418993e-05
1516.7168884709224 3.4480073185298576e-05
1625.7556664437943 3.066863073666614e-05
1742.6333860096497 2.7547444765233997e-05
1867.9135990207817 2.5065869551436807e-05
2002.2003718155834 2.214760864308809e-05
2146.1411978584038 1.9595689246157626e-05
2300.4301197729183 1.743110412796933e-05
2465.8110758226026 1.5762398980127862e-05
2643.081486974104 1.3776779184101135e-05
2833.0961018393227 1.2511129266290264e-05
3036.771118035457 1.0920826135802612e-05
3255.088599835058 9.907105604183408e-06
3489.101213406772 8.77655489277332e-06
3739.937302478796 7.801099744363131e-06
4008.8063288984627 6.925781854743834e-06
4297.00470432084 6.21980105019583e-06
4605.922041145106 5.559318823192057e-06
4937.047852839001 4.95824129515504e-06
5291.978735958439 4.48752688331144e-06
5672.426068491975 4.057207389886643e-06
6080.22426164942 3.6236980220759725e-06
6517.339604882424 3.227992066291841e-06
6985.8797467852455 2.827069881715355e-06
7488.103857590019 2.4660892314490088e-06
8026.433522257169 2.27023562557047e-06
8603.4644166845 2.0425206676405717e-06
9221.978823334326 1.783452387391929e-06
9884.959046625581 1.5809870054880366e-06
10595.601792776159 1.37838878109204e-06
11357.333583431051 1.2673708488235749e-06
12173.827277396607 1.123658862638444e-06
13049.019780144015 1.0047445338304673e-06
13987.131026472372 8.811681233311755e-07
14992.684327860456 7.921434553850114e-07
16070.528182616385 6.983685254195124e-07
17225.859653987856 6.1295415446454e-07
18464.249428955427 5.426053410034162e-07
19791.668678535552 4.905843875861125e-07
21214.517849106298 4.3656827080347605e-07
22739.657523579273 3.865612739973368e-07
24374.44150122219 3.3954797588365643e-07
26126.752255633266 3.0165811603274625e-07
28005.038941836283 2.7789621727211914e-07
30018.35813575589 2.51788912603409e-07
32176.417502507353 2.2788919047781458e-07
34489.62260405756 1.9378485604513306e-07
36969.12707195025 1.7446608184628467e-07
39626.88638701475 1.5672167182944904e-07
42475.715525368985 1.369851981692764e-07
45529.35074866948 1.2486717935948384e-07
48802.515836544284 1.1074819032973702e-07
52310.993080562585 9.754998978953559e-08
56071.699382054525 8.966296437576441e-08
60102.76782070382 7.841432528099047e-08
64423.635087213705 6.820213809168972e-08
69055.13520162323 6.145921453440603e-08
74019.59996915636 5.579425577221261e-08
79340.96665797484 4.863159362817497e-08
85044.89341802677 4.203765372367668e-08
91158.88299750819 3.784822839970085e-08
97712.41535346491 3.654104891808574e-08
104737.08979594486 3.171088440495839e-08
112266.77735108124 2.9401449942674412e-08
120337.78407775894 2.6361152209631396e-08
128989.02612533081 2.2528066898322896e-08
138262.2173764655 2.0328120313817535e-08
148202.0705798857 1.752121444901058e-08
158856.5129428051 1.5491575945353055e-08
170276.91722258995 1.3608226961413847e-08
182518.34943190424 1.2174117938750159e-08
195639.8343517063 1.099153842929387e-08
209704.64013232308 1.0005858592941805e-08
224780.5833548723 8.79100557187851e-09
240940.35602395245 7.62504486171601e-09
258261.87606826748 6.6386241562584e-09
276828.66303920635 5.968820820839412e-09
296730.24081888667 5.329652169157895e-09
318062.56927941163 4.8370335459435415e-09
340928.5069746811 4.288254149275266e-09
365438.30709572544 3.6317646987867102e-09
391710.1490809257 3.5357318871345034e-09
419870.7084443906 3.146089279045134e-09
450055.76757004927 2.878453908371335e-09
482410.87041653687 2.5127648673297447e-09
517092.0242896756 2.2101164079895186e-09
554266.4520663101 2.0014497104777192e-09
594113.3984965034 1.7575257615356601e-09
636824.9944718586 1.579306594212332e-09
682607.1834272386 1.4658347857467669e-09
731680.7143427193 1.3294349211247756e-09
784282.2061337674 1.1662848905771763e-09
840665.2885618325 9.72758288194884e-10
901101.8251665018 8.444097887684402e-10
965883.2241158698 7.717172016425185e-10
