1.0353218432956623 6.26227514005513e-10
1.109752496412072 7.657007461936685e-10
1.1895340673703196 2.981937233964616e-09
1.275051240713013 2.1369569168958956e-08
1.3667163564620066 3.026688825729243e-08
1.4649713983072858 3.626464113001073e-08
1.5702901247293772 4.12643947309247e-08
1.6831803533309568 4.3980236345217684e-08
1.804186409392072 4.7189274054067504e-08
1.9338917504552309 5.0545332098496684e-08
2.072921779595371 5.3397927125412955e-08
2.2219468609395236 5.514052970954483e-08
2.3816855519761586 5.6759992115683244e-08
2.552908068239517 5.911712132972327e-08
2.7364399970746702 6.634275994345335e-07
2.9331662783900443 1.26935913919384e-06
3.1440354715914998 1.6694043264204486e-06
3.3700643292719286 2.1014850527702953e-06
3.6123426997094312 1.025030196551899e-05
3.872038781812555 2.6905549216346857e-05
4.150404757850476 4.1166417031616703e-05
4.448782831127585 9.349494719442746e-05
4.76861169771447 0.0002494050697209266
5.111433483440168 0.00033329017187990075
5.478901179593942 0.0004397398233461857
5.87278661318948 0.0006776652570214952
6.294988990221887 0.0010773902731504303
6.747544053110694 0.0014245292010862623
7.232633896483536 0.0016984722840150263
7.75259748862946 0.0019738425614484628
8.30994194935339 0.0022667085648405035
8.907354638610439 0.002582909642734527
9.547716114208058 0.0029647463224849128
10.234114021054532 0.003409266885528418
10.969857978923836 0.003907542034068565
11.758495540521567 0.004430416002641604
12.603829296797272 0.00497640643057858
13.509935211980265 0.005495197737941942
14.481182276745333 0.005957556440371353
15.522253574270472 0.006351085688241632
16.638168860761287 0.006679631448243237
17.834308769319094 0.006953950001330068
19.116440753857017 0.007165891409034421
20.490746898158466 0.007311854899777791
21.96385372416546 0.007402897190639002
23.542864143224172 0.007444088226338674
25.23539170434766 0.007443887546647524
27.04959730463135 0.0073874333734670295
28.994228538828768 0.007283956168063484
31.078661877820124 0.007143535331303985
33.31294787934673 0.006966127044025791
35.707859649004625 0.00675951824824146
38.27494478516312 0.0065228091184276575
41.02658105827192 0.006263172004929079
43.97603609302719 0.0059832278885614655
47.137531341167225 0.005690229820232486
50.526310653356795 0.005394167803302808
54.15871378079472 0.005093085226054907
58.05225516094899 0.0047865679143308595
62.225708367302275 0.00447908065979184
66.6991966303012 0.004179574579701127
71.49428986597577 0.003891720569535904
76.63410868007456 0.0036084490541637795
82.14343584919426 0.00333890835238726
88.0488358164346 0.003088996371304861
94.37878277775378 0.0028623991148445742
101.16379797662073 0.002651266746024488
108.43659686896103 0.002448597461742694
116.23224686798524 0.0022544134853197543
124.58833642950076 0.0020720784696593524
133.54515629298982 0.0018935939913231027
143.14589375234783 0.001731880948165269
153.43684089300123 0.0015769717573332074
164.46761779946635 0.0014404888027796858
176.2914118095947 0.0013085052643130723
188.96523396912087 0.0011889050403827708
202.55019392306664 0.0010779824927107742
217.1117945694504 0.0009709726149637394
232.72024789604086 0.0008748437886373536
249.45081352303154 0.0007889282896428424
267.38416158399457 0.0007171575843426495
286.606761694825 0.000648001972649462
307.21129988617577 0.000577895447430324
329.297125509715 0.000522034536709901
352.9707302730648 0.0004684433658145359
378.3462617131927 0.0004191217640617057
405.54607358408276 0.0003746535814729454
434.70131581250246 0.00033354536377071476
465.952566866468 0.00030111959919507466
499.45051158551377 0.00027025903703992664
535.3566677410722 0.00024313844821551755
573.8441648302393 0.00021762726111477528
615.0985788580501 0.00019371711402142486
659.3188271333545 0.00017385293933032463
706.7181273927488 0.0001551193333552192
757.5250258771912 0.00013773452757516604
811.9844993184013 0.000122955083168171
870.3591361485161 0.00011021565109058436
932.9304026284682 9.907174386024962e-05
999.9999999999995 8.885214790353723e-05
1071.8913192051275 7.793008356202196e-05
1148.951000187309 6.97891058405837e-05
1231.5506032928256 6.200060082069418e-05
1320.0884008314174 5.523813101842206e-05
1414.9912974345752 4.9712022805830725e-05
1516.7168884709224 4.4007645076740695e-05
1625.7556664437943 3.91897252143478e-05
1742.6333860096497 3.4941293822256215e-05
1867.9135990207817 3.077148848289689e-05
2002.2003718155834 2.7701988838727576e-05
2146.1411978584038 2.4444342425506812e-05
2300.4301197729183 2.1968059762980105e-05
2465.8110758226026 1.9630619446959066e-05
2643.081486974104 1.752588123216413e-05
2833.0961018393227 1.580210792308209e-05
3036.771118035457 1.3919105710029494e-05
3255.088599835058 1.2478625633069544e-05
3489.101213406772 1.1168108053005749e-05
3739.937302478796 9.99205912980049e-06
4008.8063288984627 8.94172482955357e-06
4297.00470432084 7.991347760361972e-06
4605.922041145106 6.983496502930346e-06
4937.047852839001 6.310937228972098e-06
5291.978735958439 5.624315783225e-06
5672.426068491975 4.946279852702815e-06
6080.22426164942 4.4174459136923455e-06
6517.339604882424 4.0355158399019225e-06
6985.8797467852455 3.5202596984912703e-06
7488.103857590019 3.106094355277848e-06
8026.433522257169 2.7771463472348303e-06
8603.4644166845 2.4509088322318477e-06
9221.978823334326 2.203230350939289e-06
9884.959046625581 1.941630273902393e-06
10595.601792776159 1.724007981841987e-06
11357.333583431051 1.5370323653740542e-06
12173.827277396607 1.392310707831957e-06
13049.019780144015 1.2597057549852885e-06
13987.131026472372 1.1075028159275226e-06
14992.684327860456 9.864648303738394e-07
16070.528182616385 8.821931462345753e-07
17225.859653987856 7.859786813707227e-07
18464.249428955427 7.005749847641509e-07
19791.668678535552 6.160198630725642e-07
21214.517849106298 5.559054179705625e-07
22739.657523579273 4.948034581385813e-07
24374.44150122219 4.4878138144165447e-07
26126.752255633266 4.0471910382959187e-07
28005.038941836283 3.573035863845448e-07
30018.35813575589 3.0955028113976364e-07
32176.417502507353 2.7313250007024325e-07
34489.62260405756 2.44648934277671e-07
36969.12707195025 2.1597940660282958e-07
39626.88638701475 1.935412114418891e-07
42475.715525368985 1.7140590920613363e-07
45529.35074866948 1.5211516399969864e-07
48802.515836544284 1.3422314837263047e-07
52310.993080562585 1.2252297114870954e-07
56071.699382054525 1.1224252556288074e-07
60102.76782070382 9.961028337477788e-08
64423.635087213705 8.819103999656973e-08
69055.13520162323 7.688118816245034e-08
74019.59996915636 6.678404478852193e-08
79340.96665797484 6.005724305763825e-08
85044.89341802677 5.490675258534878e-08
91158.88299750819 4.7615803347013776e-08
97712.41535346491 4.291966794291993e-08
104737.08979594486 3.879290770778682e-08
112266.77735108124 3.374924966025868e-08
120337.78407775894 3.0656515068391686e-08
128989.02612533081 2.7787424240708614e-08
138262.2173764655 2.5347539659448566e-08
148202.0705798857 2.23833950530417e-08
158856.5129428051 1.982179266805259e-08
170276.91722258995 1.6979793835196182e-08
182518.34943190424 1.6252732958344393e-08
195639.8343517063 1.3950246206641033e-08
209704.64013232308 1.2100116844554575e-08
224780.5833548723 1.0593141959478983e-08
240940.35602395245 9.723320940975239e-09
258261.87606826748 8.528638391464324e-09
276828.66303920635 7.684600791110746e-09
296730.24081888667 6.759202852372353e-09
318062.56927941163 5.993676766041022e-09
340928.5069746811 5.407116444201071e-09
365438.30709572544 4.6887575541008566e-09
391710.1490809257 4.2181567547611255e-09
419870.7084443906 3.873796442288179e-09
450055.76757004927 3.1973187342794096e-09
482410.87041653687 3.0588141866279775e-09
517092.0242896756 2.6545412475622936e-09
554266.4520663101 2.369690072855011e-09
594113.3984965034 2.137463189552059e-09
636824.9944718586 1.9260927219952143e-09
682607.1834272386 1.6295118655560738e-09
731680.7143427193 1.4763087647446973e-09
784282.2061337674 1.3212404195569076e-09
840665.2885618325 1.1420696514416028e-09
901101.8251665018 1.0048393856010934e-09
965883.2241158698 9.284990818868389e-10
