1.0353218432956623 0.0
1.109752496412072 0.0
1.1895340673703196 0.0
1.275051240713013 0.0
1.3667163564620066 0.0
1.4649713983072858 0.0
1.5702901247293772 0.0
1.6831803533309568 0.0
1.804186409392072 0.0
1.9338917504552309 0.0
2.072921779595371 0.0
2.2219468609395236 0.0
2.3816855519761586 1.5159219934974704e-05
2.552908068239517 0.0003541513449681514
2.7364399970746702 0.0013858530222631512
2.9331662783900443 0.0030562125900084236
3.1440354715914998 0.005207919748657052
3.3700643292719286 0.00766466754119845
3.6123426997094312 0.010202442270912519
3.872038781812555 0.012683980025069323
4.150404757850476 0.015042980797978021
4.448782831127585 0.017159051308662503
4.76861169771447 0.01893371620885791
5.111433483440168 0.020483444351633608
5.478901179593942 0.021722931616214008
5.87278661318948 0.022805730223323883
6.294988990221887 0.023675478725926687
6.747544053110694 0.02442303597897855
7.232633896483536 0.024891236278392025
7.75259748862946 0.025110461846440727
8.30994194935339 0.02505888775455942
8.907354638610439 0.02491408344510424
9.547716114208058 0.024495476465131297
10.234114021054532 0.02400825461246007
10.969857978923836 0.023333221304463154
11.758495540521567 0.022556888811325733
12.603829296797272 0.02169145667489841
13.509935211980265 0.020730416159626345
14.481182276745333 0.01973711629278794
15.522253574270472 0.01869175694645792
16.638168860761287 0.017624262720461054
17.834308769319094 0.01656634967446444
19.116440753857017 0.01551079261820398
20.490746898158466 0.014482562501616556
21.96385372416546 0.013462399556445948
23.542864143224172 0.012485234592243271
25.23539170434766 0.011554370542771128
27.04959730463135 0.010642945684113158
28.994228538828768 0.009805228182525378
31.078661877820124 0.009002548613166747
33.31294787934673 0.008245034208306157
35.707859649004625 0.007548302334054889
38.27494478516312 0.00688847678127891
41.02658105827192 0.006278091838877906
43.97603609302719 0.005717795392034909
47.137531341167225 0.005195882665622086
50.526310653356795 0.004706140431918104
54.15871378079472 0.00426328672444497
58.05225516094899 0.0038568364043490943
62.225708367302275 0.0034798410296739595
66.6991966303012 0.003140729995762349
71.49428986597577 0.0028259466720178326
76.63410868007456 0.0025431595319046246
82.14343584919426 0.002280421002079724
88.0488358164346 0.002049450177322431
94.37878277775378 0.0018304504065098097
101.16379797662073 0.0016428271153729403
108.43659686896103 0.0014706190976574182
116.23224686798524 0.001317090932473076
124.58833642950076 0.001182896871341872
133.54515629298982 0.0010568377490812906
143.14589375234783 0.0009467257062685313
153.43684089300123 0.0008447563337792155
164.46761779946635 0.0007491184149724495
176.2914118095947 0.0006716641840799323
188.96523396912087 0.0006020389077616225
202.55019392306664 0.0005373692035241621
217.1117945694504 0.0004808361207653833
232.72024789604086 0.00043061779864708266
249.45081352303154 0.0003851563709610693
267.38416158399457 0.00035594706301563
286.606761694825 0.00031516454934137593
307.21129988617577 0.00028025198398597644
329.297125509715 0.00024511980111493
352.9707302730648 0.00021962195047093923
378.3462617131927 0.0001972789871243594
405.54607358408276 0.00017780945515406653
434.70131581250246 0.00015891206701345768
465.952566866468 0.00014290278274047157
499.45051158551377 0.0001260336669284885
535.3566677410722 0.00011099457182413595
573.8441648302393 0.0001003517082636453
615.0985788580501 9.016145318793245e-05
659.3188271333545 8.17517780438078e-05
706.7181273927488 7.230327148022189e-05
757.5250258771912 6.352174041651849e-05
811.9844993184013 5.5373459339056185e-05
870.3591361485161 5.05071975483719e-05
932.9304026284682 4.4529607583662974e-05
999.9999999999995 3.985881810464741e-05
1071.8913192051275 3.5919921592960894e-05
1148.951000187309 3.168286875732097e-05
1231.5506032928256 2.780139845904394e-05
1320.0884008314174 2.5047329202273927e-05
1414.9912974345752 2.2203518395538072e-05
1516.7168884709224 1.9451062997067707e-05
1625.7556664437943 1.728968180034174e-05
1742.6333860096497 1.5432429509323412e-05
1867.9135990207817 1.3881851914348854e-05
2002.2003718155834 1.2297535459585865e-05
2146.1411978584038 1.0926567951700152e-05
2300.4301197729183 9.929556454580362e-06
2465.8110758226026 8.733376608493636e-06
2643.081486974104 7.870854666062092e-06
2833.0961018393227 6.9699217206546125e-06
3036.771118035457 6.252973482782016e-06
3255.088599835058 5.486923287374751e-06
3489.101213406772 4.937421821004028e-06
3739.937302478796 4.405847083403165e-06
4008.8063288984627 3.859528554276561e-06
4297.00470432084 3.4701885430273667e-06
4605.922041145106 3.1183311718668446e-06
4937.047852839001 2.771616006570697e-06
5291.978735958439 2.4397996863284746e-06
5672.426068491975 2.2476747694644395e-06
6080.22426164942 2.0102001916851224e-06
6517.339604882424 1.745435735266191e-06
6985.8797467852455 1.5473626829485506e-06
7488.103857590019 1.366655794193903e-06
8026.433522257169 1.1837410652895345e-06
8603.4644166845 1.0969237308282705e-06
9221.978823334326 9.795915404817368e-07
9884.959046625581 8.824530380913428e-07
10595.601792776159 7.702187386437733e-07
11357.333583431051 6.963159617114914e-07
12173.827277396607 6.126595297266594e-07
13049.019780144015 5.293283032055506e-07
13987.131026472372 4.693590693923795e-07
14992.684327860456 4.233017229774422e-07
16070.528182616385 3.868364287533457e-07
17225.859653987856 3.4361325762954056e-07
18464.249428955427 2.9894900007325277e-07
19791.668678535552 2.684408904865248e-07
21214.517849106298 2.4070182864762735e-07
22739.657523579273 2.2157542340082957e-07
24374.44150122219 1.895406089279125e-07
26126.752255633266 1.7086701337629736e-07
28005.038941836283 1.5389475252709628e-07
30018.35813575589 1.3386025960113968e-07
32176.417502507353 1.1736499640438126e-07
34489.62260405756 1.0493871197736836e-07
36969.12707195025 9.236554935393412e-08
39626.88638701475 8.311301259857681e-08
42475.715525368985 7.293251091666032e-08
45529.35074866948 6.458773767052835e-08
48802.515836544284 6.098995389866585e-08
52310.993080562585 5.3204806516063006e-08
56071.699382054525 4.865346807901631e-08
60102.76782070382 4.283069000801055e-08
64423.635087213705 3.709714653347511e-08
69055.13520162323 3.4171324202568524e-08
74019.59996915636 2.8332254363120894e-08
79340.96665797484 2.582285564533358e-08
85044.89341802677 2.217449782018867e-08
91158.88299750819 2.0373632982347873e-08
97712.41535346491 1.7442474034449446e-08
104737.08979594486 1.6390643552178138e-08
112266.77735108124 1.4701387917564805e-08
120337.78407775894 1.298783000366803e-08
128989.02612533081 1.1194893075610642e-08
138262.2173764655 1.0302966692629529e-08
148202.0705798857 9.587218506221492e-09
158856.5129428051 8.48497406048001e-09
170276.91722258995 7.260056443650096e-09
182518.34943190424 6.662483840332812e-09
195639.8343517063 6.03465635501508e-09
209704.64013232308 5.1855314311014406e-09
224780.5833548723 4.801010766356541e-09
240940.35602395245 4.136256761303844e-09
258261.87606826748 3.709749582007319e-09
276828.66303920635 3.304516776850648e-09
296730.24081888667 3.0775792637078425e-09
318062.56927941163 2.411775834327233e-09
340928.5069746811 2.198108224943632e-09
365438.30709572544 1.998983149964407e-09
391710.1490809257 1.7522558396612108e-09
419870.7084443906 1.6085240009236427e-09
450055.76757004927 1.5285357553385696e-09
482410.87041653687 1.1967618752660832e-09
517092.0242896756 1.1940882181731636e-09
554266.4520663101 1.0508380227670814e-09
594113.3984965034 8.543626412115081e-10
636824.9944718586 7.79298758062839e-10
682607.1834272386 7.294680847172737e-10
731680.7143427193 7.013545326436899e-10
784282.2061337674 5.463189606134326e-10
840665.2885618325 5.135477014672871e-10
901101.8251665018 4.63461603659246e-10
965883.2241158698 3.932510283637024e-10
