1.0353218432956623 0.0
1.109752496412072 9.422593256265553e-12
1.1895340673703196 6.115814514707122e-11
1.275051240713013 1.3080338206846357e-10
1.3667163564620066 2.2783993947628412e-10
1.4649713983072858 3.690774411314661e-10
1.5702901247293772 5.760657565772003e-10
1.6831803533309568 8.855175642850622e-10
1.804186409392072 1.3564201234702297e-09
1.9338917504552309 2.084409739361596e-09
2.072921779595371 3.252571009817189e-09
2.2219468609395236 5.2634367819285645e-09
2.3816855519761586 8.968789969471103e-09
2.552908068239517 1.6971676260011464e-08
2.7364399970746702 4.036404838697477e-08
2.9331662783900443 1.5529852985147877e-05
3.1440354715914998 0.00014622242938562978
3.3700643292719286 0.00039594781658135365
3.6123426997094312 0.0007731251371909029
3.872038781812555 0.001169324532571334
4.150404757850476 0.0015732444596828796
4.448782831127585 0.001998555195637438
4.76861169771447 0.002420649781737576
5.111433483440168 0.002878018498378034
5.478901179593942 0.0033854351684454455
5.87278661318948 0.00396669097085028
6.294988990221887 0.004622759362772424
6.747544053110694 0.005328785146994824
7.232633896483536 0.006032226183964189
7.75259748862946 0.00665308733250366
8.30994194935339 0.007206840290209776
8.907354638610439 0.00769838873767126
9.547716114208058 0.008168096182777683
10.234114021054532 0.008641091995538972
10.969857978923836 0.009128714087531426
11.758495540521567 0.00962093359014897
12.603829296797272 0.010047020019885533
13.509935211980265 0.010381797088059676
14.481182276745333 0.010596484534917768
15.522253574270472 0.010703436253854537
16.638168860761287 0.010762895057261758
17.834308769319094 0.010786127993172249
19.116440753857017 0.010758210397151583
20.490746898158466 0.010662357871383069
21.96385372416546 0.010469450247748735
23.542864143224172 0.010198016139150164
25.23539170434766 0.009868733299408967
27.04959730463135 0.009507931849638005
28.994228538828768 0.009133330125803918
31.078661877820124 0.008743400133999116
33.31294787934673 0.008336982268124982
35.707859649004625 0.007907929036687255
38.27494478516312 0.007450716108358802
41.02658105827192 0.006979804728580606
43.97603609302719 0.006525368609361352
47.137531341167225 0.006090438386386967
50.526310653356795 0.0056776518814123
54.15871378079472 0.005279572887532977
58.05225516094899 0.00489035788033911
62.225708367302275 0.00451093908713329
66.6991966303012 0.004150191885056924
71.49428986597577 0.003799077528279737
76.63410868007456 0.0034790698449810712
82.14343584919426 0.003185705344692984
88.0488358164346 0.002917423006247974
94.37878277775378 0.0026654667333577387
101.16379797662073 0.0024244248434955504
108.43659686896103 0.002203086622826672
116.23224686798524 0.0019942422439017983
124.58833642950076 0.0018090424544989258
133.54515629298982 0.0016367502541326305
143.14589375234783 0.001476891935254145
153.43684089300123 0.0013278204555835665
164.46761779946635 0.0011898576491554888
176.2914118095947 0.0010760111962033363
188.96523396912087 0.0009641098434093904
202.55019392306664 0.0008655292215436261
217.1117945694504 0.0007772825213668409
232.72024789604086 0.0006988925318557287
249.45081352303154 0.0006328464515312335
267.38416158399457 0.0005673938867645107
286.606761694825 0.0005105848596968145
307.21129988617577 0.0004557049605448788
329.297125509715 0.00041050660023936964
352.9707302730648 0.00036842315080322694
378.3462617131927 0.00032797442198689907
405.54607358408276 0.00029244585331988004
434.70131581250246 0.00026059433344574785
465.952566866468 0.0002331978133493158
499.45051158551377 0.000211444279346087
535.3566677410722 0.0001874439342062689
573.8441648302393 0.00016649349752115322
615.0985788580501 0.0001482060589657895
659.3188271333545 0.00013249017860635036
706.7181273927488 0.00011795754136940754
757.5250258771912 0.00010539716442899381
811.9844993184013 9.318041595620817e-05
870.3591361485161 8.270807835364465e-05
932.9304026284682 7.47798489543113e-05
999.9999999999995 6.687257616389728e-05
1071.8913192051275 5.966564278115427e-05
1148.951000187309 5.31837782148401e-05
1231.5506032928256 4.7764334453133745e-05
1320.0884008314174 4.2664478274733406e-05
1414.9912974345752 3.7917982656863035e-05
1516.7168884709224 3.352712086976114e-05
1625.7556664437943 2.9798819733842974e-05
1742.6333860096497 2.6560027869433652e-05
1867.9135990207817 2.380420483841338e-05
2002.2003718155834 2.0860957009108485e-05
2146.1411978584038 1.91320803076443e-05
2300.4301197729183 1.6980518700649113e-05
2465.8110758226026 1.5110766600945552e-05
2643.081486974104 1.332198445700841e-05
2833.0961018393227 1.1927593629836754e-05
3036.771118035457 1.0589877684739307e-05
3255.088599835058 9.505628359930362e-06
3489.101213406772 8.594296998333385e-06
3739.937302478796 7.633602923520407e-06
4008.8063288984627 6.746231197198065e-06
4297.00470432084 5.962928439048827e-06
4605.922041145106 5.351837214665862e-06
4937.047852839001 4.745160072395264e-06
5291.978735958439 4.227692203687513e-06
5672.426068491975 3.7930033448796892e-06
6080.22426164942 3.3029183815427807e-06
6517.339604882424 2.9346885152241355e-06
6985.8797467852455 2.6309989249199737e-06
7488.103857590019 2.388509539299738e-06
8026.433522257169 2.1019015727482036e-06
8603.4644166845 1.8830229046223402e-06
9221.978823334326 1.6762121027915428e-06
9884.959046625581 1.5075020827047872e-06
10595.601792776159 1.340494473371589e-06
11357.333583431051 1.2075054018905642e-06
12173.827277396607 1.0829686444180809e-06
13049.019780144015 9.470000788787093e-07
13987.131026472372 8.300040119395808e-07
14992.684327860456 7.480069782199375e-07
16070.528182616385 6.721939049460299e-07
17225.859653987856 5.914180561333898e-07
18464.249428955427 5.397109390587355e-07
19791.668678535552 4.743305439074334e-07
21214.517849106298 4.251814774681145e-07
22739.657523579273 3.7201380160723737e-07
24374.44150122219 3.2935096408804253e-07
26126.752255633266 2.9461344892987423e-07
28005.038941836283 2.6073521237947525e-07
30018.35813575589 2.335262064946276e-07
32176.417502507353 2.0458067583106096e-07
34489.62260405756 1.7797305067524085e-07
36969.12707195025 1.6031739202840727e-07
39626.88638701475 1.4226002080040325e-07
42475.715525368985 1.2923237569290737e-07
45529.35074866948 1.1464539388084709e-07
48802.515836544284 1.0435665623582415e-07
52310.993080562585 9.192655422924475e-08
56071.699382054525 8.292247604795891e-08
60102.76782070382 7.323997508935266e-08
64423.635087213705 6.588413004409181e-08
69055.13520162323 5.820892379458829e-08
74019.59996915636 5.208777310455397e-08
79340.96665797484 4.7142601964524e-08
85044.89341802677 4.118733879625661e-08
91158.88299750819 3.5865740373450277e-08
97712.41535346491 3.2011383523102555e-08
104737.08979594486 2.906831231690793e-08
112266.77735108124 2.5603833755774318e-08
120337.78407775894 2.3161127027256662e-08
128989.02612533081 2.011153310181857e-08
138262.2173764655 1.818974736397412e-08
148202.0705798857 1.599456526327374e-08
158856.5129428051 1.4717480791146393e-08
170276.91722258995 1.3130419034279794e-08
182518.34943190424 1.1561974182990043e-08
195639.8343517063 1.0265790653368613e-08
209704.64013232308 9.242036626606553e-09
224780.5833548723 8.223640813965124e-09
240940.35602395245 7.1663454249536605e-09
258261.87606826748 6.347500533163196e-09
276828.66303920635 6.093720935483374e-09
296730.24081888667 5.331515318547837e-09
318062.56927941163 4.676771311235368e-09
340928.5069746811 4.048087856411371e-09
365438.30709572544 3.6135807544247228e-09
391710.1490809257 3.288570248877479e-09
419870.7084443906 2.9858051566200925e-09
450055.76757004927 2.5322882367357263e-09
482410.87041653687 2.334721691205202e-09
517092.0242896756 2.3068547771143258e-09
554266.4520663101 1.9131593567036022e-09
594113.3984965034 1.6617551053620752e-09
636824.9944718586 1.5019633051015405e-09
682607.1834272386 1.3037799737978516e-09
731680.7143427193 1.1610112052223714e-09
784282.2061337674 1.089076498651086e-09
840665.2885618325 9.47596553826868e-10
901101.8251665018 7.983282373645936e-10
965883.2241158698 7.237820732441684e-10
